name: rage
## Need to run this code first: conda config --set channel_priority flexible
channels:
  - defaults
  - conda-forge
  - bioconda
dependencies:
  - _libgcc_mutex=0.1=conda_forge
  - _openmp_mutex=4.5=2_gnu
  - bedtools=2.31.1=hf5e1c6e_1
  - biopython=1.78=py312h5eee18b_0
  - blas=1.0=openblas
  - blast=2.15.0=pl5321h6f7f691_1
  - bzip2=1.0.8=h5eee18b_5
  - c-ares=1.19.1=h5eee18b_0
  - ca-certificates=2024.7.2=h06a4308_0
  - curl=8.5.0=hdbd6064_0
  - entrez-direct=21.6=he881be0_0
  - expat=2.5.0=h6a678d5_0
  - hmmer=3.4=hdbdd923_1
  - icu=58.2=he6710b0_3
  - krb5=1.20.1=h143b758_1
  - ld_impl_linux-64=2.38=h1181459_1
  - libcurl=8.5.0=h251f7ec_0
  - libedit=3.1.20230828=h5eee18b_0
  - libev=4.33=h7f8727e_1
  - libffi=3.4.4=h6a678d5_0
  - libgcc-ng=13.2.0=h807b86a_5
  - libgfortran-ng=11.2.0=h00389a5_1
  - libgfortran5=11.2.0=h1234567_1
  - libgomp=13.2.0=h807b86a_5
  - libidn2=2.3.4=h5eee18b_0
  - libnghttp2=1.57.0=h2d74bed_0
  - libnsl=2.0.0=h5eee18b_0
  - libopenblas=0.3.21=h043d6bf_0
  - libsqlite=3.45.2=h2797004_0
  - libssh2=1.10.0=hdbd6064_2
  - libstdcxx-ng=13.2.0=h7e041cc_5
  - libunistring=0.9.10=h27cfd23_0
  - libuuid=1.41.5=h5eee18b_0
  - libxml2=2.9.14=h74e7548_0
  - libzlib=1.2.13=hd590300_5
  - ncbi-vdb=3.1.0=hdbdd923_0
  - ncurses=6.4=h6a678d5_0
  - numpy=1.26.4=py312h2809609_0
  - numpy-base=1.26.4=py312he1a6c75_0
  - openssl=3.0.14=h5eee18b_0
  - ossuuid=1.6.2=hf484d3e_1000
  - pcre=8.45=h295c915_0
  - perl=5.32.1=0_h5eee18b_perl5
  - perl-alien-build=2.48=pl5321hec16e2b_0
  - perl-alien-libxml2=0.17=pl5321hec16e2b_0
  - perl-archive-tar=2.40=pl5321hdfd78af_0
  - perl-business-isbn=3.007=pl5321hd8ed1ab_0
  - perl-business-isbn-data=20210112.006=pl5321hd8ed1ab_0
  - perl-capture-tiny=0.48=pl5321ha770c72_1
  - perl-carp=1.50=pl5321hd8ed1ab_0
  - perl-common-sense=3.75=pl5321hd8ed1ab_0
  - perl-compress-raw-bzip2=2.201=pl5321h166bdaf_0
  - perl-compress-raw-zlib=2.202=pl5321h166bdaf_0
  - perl-constant=1.33=pl5321hd8ed1ab_0
  - perl-encode=3.19=pl5321h166bdaf_0
  - perl-exporter=5.74=pl5321hd8ed1ab_0
  - perl-exporter-tiny=1.002002=pl5321hd8ed1ab_0
  - perl-extutils-makemaker=7.70=pl5321hd8ed1ab_0
  - perl-ffi-checklib=0.28=pl5321hdfd78af_0
  - perl-file-chdir=0.1011=pl5321hd8ed1ab_0
  - perl-file-path=2.18=pl5321hd8ed1ab_0
  - perl-file-temp=0.2304=pl5321hd8ed1ab_0
  - perl-file-which=1.24=pl5321hd8ed1ab_0
  - perl-importer=0.026=pl5321hd8ed1ab_0
  - perl-io-compress=2.201=pl5321hdbdd923_2
  - perl-io-zlib=1.14=pl5321hdfd78af_0
  - perl-json=4.10=pl5321hdfd78af_0
  - perl-json-xs=2.34=pl5321h4ac6f70_6
  - perl-list-moreutils=0.430=pl5321hdfd78af_0
  - perl-list-moreutils-xs=0.430=pl5321h031d066_2
  - perl-parent=0.241=pl5321hd8ed1ab_0
  - perl-path-tiny=0.124=pl5321hd8ed1ab_0
  - perl-pathtools=3.75=pl5321h166bdaf_0
  - perl-scalar-list-utils=1.63=pl5321h166bdaf_0
  - perl-scope-guard=0.21=pl5321hd8ed1ab_0
  - perl-storable=3.15=pl5321h166bdaf_0
  - perl-sub-info=0.002=pl5321hd8ed1ab_0
  - perl-term-table=0.016=pl5321hdfd78af_0
  - perl-test-fatal=0.016=pl5321ha770c72_0
  - perl-test-warnings=0.031=pl5321ha770c72_0
  - perl-test2-suite=0.000145=pl5321hdfd78af_0
  - perl-try-tiny=0.31=pl5321ha770c72_0
  - perl-types-serialiser=1.01=pl5321hdfd78af_0
  - perl-uri=5.17=pl5321ha770c72_0
  - perl-xml-libxml=2.0207=pl5321h661654b_0
  - perl-xml-namespacesupport=1.12=pl5321hd8ed1ab_0
  - perl-xml-sax=1.02=pl5321hd8ed1ab_0
  - perl-xml-sax-base=1.09=pl5321hd8ed1ab_0
  - pip=23.3.1=py312h06a4308_0
  - python=3.12.2=h996f2a0_0
  - readline=8.2=h5eee18b_0
  - setuptools=68.2.2=py312h06a4308_0
  - sqlite=3.41.2=h5eee18b_0
  - tk=8.6.12=h1ccaba5_0
  - tzdata=2024a=h04d1e81_0
  - wget=1.21.4=h251f7ec_1
  - wheel=0.41.2=py312h06a4308_0
  - xz=5.4.6=h5eee18b_0
  - zlib=1.2.13=hd590300_5
prefix: /home/yes2coding/miniforge3/envs/rage
